a <- 2
b <- 3
c <- 43
a <- 23
