a <- 2
b <- 3
c <- 43
a <- 23
s <- 0
s <-9
d <- 20
