aa  <- 2
b <- 2
